01 01 01 01 01 01 01 01
02 02 02 02 02 02 02 02
03 03 03 03 03 03 03 03
04 04 04 04 04 04 04 04
05 05 05 05 05 05 05 05
06 06 06 06 06 06 06 06
07 07 07 07 07 07 07 07
08 08 08 08 08 08 08 08
09 09 09 09 09 09 09 09
10 10 10 10 10 10 10 10
11 11 11 11 11 11 11 11
12 12 12 12 12 12 12 12
13 13 13 13 13 13 13 13
14 14 14 14 14 14 14 14
15 15 15 15 15 15 15 15
16 16 16 16 16 16 16 16
17 17 17 17 17 17 17 17
18 18 18 18 18 18 18 18
19 19 19 19 19 19 19 19
20 20 20 20 20 20 20 20
21 21 21 21 21 21 21 21
c0 f7 66 55 00 00 00 00
9a 15 40 00 00 00 00 00
48 c7 c7 85 21 d5 36
48 89 fe
48 c1 fe 02
c3