01 01 01 01 01 01 01 01
02 02 02 02 02 02 02 02
03 03 03 03 03 03 03 03
04 04 04 04 04 04 04 04
05 05 05 05 05 05 05 05
06 06 06 06 06 06 06 06
07 07 07 07 07 07 07 07
08 08 08 08 08 08 08 08
09 09 09 09 09 09 09 09
10 10 10 10 10 10 10 10
11 11 11 11 11 11 11 11
12 12 12 12 12 12 12 12
13 13 13 13 13 13 13 13
14 14 14 14 14 14 14 14
15 15 15 15 15 15 15 15
16 16 16 16 16 16 16 16
17 17 17 17 17 17 17 17
18 18 18 18 18 18 18 18
19 19 19 19 19 19 19 19
20 20 20 20 20 20 20 20
21 21 21 21 21 21 21 21
69 19 40 00 00 00 00 00
85 21 d5 36 00 00 00 00
70 19 40 00 00 00 00 00
4e 19 40 00 00 00 00 00
33 19 40 00 00 00 00 00
61 48 b5 0d 00 00 00 00
40 19 40 00 00 00 00 00
dd 18 40 00 00 00 00 00
61 19 40 00 00 00 00 00
9a 15 40 00 00 00 00 00